1000 -0.327809
2000 -0.373485
3000 -0.368141
4000 -0.369161
5000 -0.374759
6000 -0.387343
7000 -0.375798
8000 -0.381955
9000 -0.381491
10000 -0.386902
11000 -0.386303
12000 -0.387773
13000 -0.387907
14000 -0.388716
15000 -0.387165
16000 -0.388688
17000 -0.388622
18000 -0.388958
19000 -0.389009
20000 -0.388101
21000 -0.388855
22000 -0.389131
23000 -0.388894
24000 -0.389191
25000 -0.388857
26000 -0.38913
27000 -0.388977
28000 -0.388961
29000 -0.388992
30000 -0.387677
31000 -0.388995
32000 -0.38906
33000 -0.389032
34000 -0.389175
35000 -0.389175
36000 -0.389175
37000 -0.389205
38000 -0.389205
39000 -0.389207
40000 -0.389208
41000 -0.389208
42000 -0.389208
43000 -0.389208
44000 -0.389208
45000 -0.389208
46000 -0.389208
47000 -0.389208
48000 -0.389218
49000 -0.416092
50000 -0.775218
51000 -0.775642
52000 -0.777518
53000 -0.77774
54000 -0.77774
55000 -0.77774
56000 -0.77774
57000 -0.77774
58000 -0.77774
59000 -0.777878
60000 -0.777878
61000 -0.777878
62000 -0.777878
63000 -0.777937
64000 -0.777937
65000 -0.777937
66000 -0.77802
67000 -0.77802
68000 -0.77802
69000 -0.77802
70000 -0.77802
71000 -0.77802
72000 -0.77802
73000 -0.77802
74000 -0.77802
75000 -0.77802
76000 -0.77802
77000 -0.77802
78000 -0.778038
79000 -0.778277
80000 -0.778369
81000 -0.778369
82000 -0.778369
83000 -0.778369
84000 -0.778369
85000 -0.778369
86000 -0.778369
87000 -0.778369
88000 -0.778369
89000 -0.778369
90000 -0.778369
1000 -0.585382
2000 -0.638809
3000 -0.754051
4000 -0.753542
5000 -0.751463
6000 -0.769123
7000 -0.747441
8000 -0.758109
9000 -0.764762
10000 -0.766375
11000 -0.775742
12000 -0.772377
13000 -0.77183
14000 -0.776552
15000 -0.774587
16000 -0.774539
17000 -0.777303
18000 -0.777303
19000 -0.774933
20000 -0.775342
21000 -0.776698
22000 -0.77723
23000 -0.776805
24000 -0.776805
25000 -0.777272
26000 -0.777272
27000 -0.777272
28000 -0.776609
29000 -0.777604
30000 -0.777604
31000 -0.777604
32000 -0.777604
33000 -0.777604
34000 -0.777604
35000 -0.777665
36000 -0.777684
37000 -0.777684
38000 -0.777833
39000 -0.778057
40000 -0.778057
41000 -0.778057
42000 -0.778064
43000 -0.778064
44000 -0.778064
45000 -0.778064
46000 -0.778064
47000 -0.778064
48000 -0.778064
49000 -0.778064
50000 -0.778096
51000 -0.778096
52000 -0.778096
53000 -0.778096
54000 -0.778096
55000 -0.778096
56000 -0.778096
57000 -0.778199
58000 -0.778199
59000 -0.778199
60000 -0.778224
61000 -0.778224
62000 -0.778224
63000 -0.778224
64000 -0.778224
65000 -0.778273
66000 -0.778273
67000 -0.778273
68000 -0.778273
69000 -0.778273
70000 -0.778393
71000 -0.778393
72000 -0.778393
73000 -0.778393
74000 -0.778393
75000 -0.778393
76000 -0.778393
77000 -0.778393
78000 -0.778393
79000 -0.778393
80000 -0.778393
81000 -0.778393
82000 -0.778393
